{
 "cells": [
  {
   "cell_type": "markdown",
   "id": "93791f79",
   "metadata": {},
   "source": [
    "## This notebook is to identify highly similar kinases corresponding to understudied kinases"
   ]
  },
  {
   "cell_type": "markdown",
   "id": "70e757ca",
   "metadata": {},
   "source": [
    "# 0. Import library"
   ]
  },
  {
   "cell_type": "code",
   "execution_count": 1,
   "id": "c3946203",
   "metadata": {},
   "outputs": [],
   "source": [
    "import pandas as pd\n",
   ]
  },
  {
   "cell_type": "code",
   "execution_count": null,
   "id": "6ac17bad",
   "metadata": {},
   "outputs": [],
   "source": []
  },
  {
   "cell_type": "markdown",
   "id": "a3c4ff0a",
   "metadata": {},
   "source": [
    "# 1. Read data"
   ]
  },
  {
   "cell_type": "markdown",
   "id": "cce5f42c",
   "metadata": {},
   "source": [
    "### 1.1 Read fused kinase-kinase similarity network"
   ]
  },
  {
   "cell_type": "code",
   "execution_count": 2,
   "id": "855c7d4f",
   "metadata": {},
   "outputs": [],
   "source": [
    "df = pd.read_csv(\"../0_data/fused kinase_kinase similarity.csv\", index_col=[0])"
   ]
  },
  {
   "cell_type": "code",
   "execution_count": 3,
   "id": "384b84d9",
   "metadata": {},
   "outputs": [
    {
     "data": {
      "text/html": [
       "<div>\n",
       "<style scoped>\n",
       "    .dataframe tbody tr th:only-of-type {\n",
       "        vertical-align: middle;\n",
       "    }\n",
       "\n",
       "    .dataframe tbody tr th {\n",
       "        vertical-align: top;\n",
       "    }\n",
       "\n",
       "    .dataframe thead th {\n",
       "        text-align: right;\n",
       "    }\n",
       "</style>\n",
       "<table border=\"1\" class=\"dataframe\">\n",
       "  <thead>\n",
       "    <tr style=\"text-align: right;\">\n",
       "      <th></th>\n",
       "      <th>Q2M2I8</th>\n",
       "      <th>Q9Y478</th>\n",
       "      <th>Q9UGJ0</th>\n",
       "      <th>Q13131</th>\n",
       "      <th>P54646</th>\n",
       "      <th>P00519</th>\n",
       "      <th>P42684</th>\n",
       "      <th>Q07912</th>\n",
       "      <th>P36896</th>\n",
       "      <th>P37023</th>\n",
       "      <th>...</th>\n",
       "      <th>Q86Y07</th>\n",
       "      <th>Q8IV63</th>\n",
       "      <th>P30291</th>\n",
       "      <th>P0C1S8</th>\n",
       "      <th>Q9H4A3</th>\n",
       "      <th>Q9Y3S1</th>\n",
       "      <th>Q9BYP7</th>\n",
       "      <th>Q96J92</th>\n",
       "      <th>P07947</th>\n",
       "      <th>P43403</th>\n",
       "    </tr>\n",
       "  </thead>\n",
       "  <tbody>\n",
       "    <tr>\n",
       "      <th>Q2M2I8</th>\n",
       "      <td>0.000000e+00</td>\n",
       "      <td>1.540882e-07</td>\n",
       "      <td>5.281925e-07</td>\n",
       "      <td>5.265534e-09</td>\n",
       "      <td>0.000000e+00</td>\n",
       "      <td>2.546827e-09</td>\n",
       "      <td>0.000000e+00</td>\n",
       "      <td>0.0</td>\n",
       "      <td>0.000000e+00</td>\n",
       "      <td>0.000000e+00</td>\n",
       "      <td>...</td>\n",
       "      <td>1.079195e-09</td>\n",
       "      <td>0.0</td>\n",
       "      <td>0.000000e+00</td>\n",
       "      <td>0.000000e+00</td>\n",
       "      <td>7.554436e-09</td>\n",
       "      <td>0.000000e+00</td>\n",
       "      <td>0.0</td>\n",
       "      <td>0.0</td>\n",
       "      <td>0.000000e+00</td>\n",
       "      <td>0.000000e+00</td>\n",
       "    </tr>\n",
       "    <tr>\n",
       "      <th>Q9Y478</th>\n",
       "      <td>1.540882e-07</td>\n",
       "      <td>0.000000e+00</td>\n",
       "      <td>1.122697e-05</td>\n",
       "      <td>1.032074e-08</td>\n",
       "      <td>1.704082e-09</td>\n",
       "      <td>0.000000e+00</td>\n",
       "      <td>0.000000e+00</td>\n",
       "      <td>0.0</td>\n",
       "      <td>0.000000e+00</td>\n",
       "      <td>0.000000e+00</td>\n",
       "      <td>...</td>\n",
       "      <td>0.000000e+00</td>\n",
       "      <td>0.0</td>\n",
       "      <td>1.477117e-11</td>\n",
       "      <td>3.905488e-11</td>\n",
       "      <td>0.000000e+00</td>\n",
       "      <td>0.000000e+00</td>\n",
       "      <td>0.0</td>\n",
       "      <td>0.0</td>\n",
       "      <td>0.000000e+00</td>\n",
       "      <td>5.283554e-11</td>\n",
       "    </tr>\n",
       "    <tr>\n",
       "      <th>Q9UGJ0</th>\n",
       "      <td>5.281925e-07</td>\n",
       "      <td>1.122697e-05</td>\n",
       "      <td>0.000000e+00</td>\n",
       "      <td>1.598049e-08</td>\n",
       "      <td>2.020940e-09</td>\n",
       "      <td>0.000000e+00</td>\n",
       "      <td>0.000000e+00</td>\n",
       "      <td>0.0</td>\n",
       "      <td>2.074691e-09</td>\n",
       "      <td>2.501912e-09</td>\n",
       "      <td>...</td>\n",
       "      <td>0.000000e+00</td>\n",
       "      <td>0.0</td>\n",
       "      <td>0.000000e+00</td>\n",
       "      <td>0.000000e+00</td>\n",
       "      <td>1.439246e-09</td>\n",
       "      <td>1.701755e-09</td>\n",
       "      <td>0.0</td>\n",
       "      <td>0.0</td>\n",
       "      <td>3.288697e-10</td>\n",
       "      <td>0.000000e+00</td>\n",
       "    </tr>\n",
       "    <tr>\n",
       "      <th>Q13131</th>\n",
       "      <td>5.265534e-09</td>\n",
       "      <td>1.032074e-08</td>\n",
       "      <td>1.598049e-08</td>\n",
       "      <td>0.000000e+00</td>\n",
       "      <td>5.120849e-09</td>\n",
       "      <td>6.974965e-10</td>\n",
       "      <td>7.280265e-10</td>\n",
       "      <td>0.0</td>\n",
       "      <td>1.836057e-10</td>\n",
       "      <td>4.483435e-10</td>\n",
       "      <td>...</td>\n",
       "      <td>0.000000e+00</td>\n",
       "      <td>0.0</td>\n",
       "      <td>2.329906e-11</td>\n",
       "      <td>2.191430e-11</td>\n",
       "      <td>8.403827e-10</td>\n",
       "      <td>0.000000e+00</td>\n",
       "      <td>0.0</td>\n",
       "      <td>0.0</td>\n",
       "      <td>5.221467e-10</td>\n",
       "      <td>7.331928e-11</td>\n",
       "    </tr>\n",
       "    <tr>\n",
       "      <th>P54646</th>\n",
       "      <td>0.000000e+00</td>\n",
       "      <td>1.704082e-09</td>\n",
       "      <td>2.020940e-09</td>\n",
       "      <td>5.120849e-09</td>\n",
       "      <td>0.000000e+00</td>\n",
       "      <td>1.291324e-10</td>\n",
       "      <td>5.630269e-11</td>\n",
       "      <td>0.0</td>\n",
       "      <td>3.265157e-10</td>\n",
       "      <td>3.336211e-10</td>\n",
       "      <td>...</td>\n",
       "      <td>0.000000e+00</td>\n",
       "      <td>0.0</td>\n",
       "      <td>4.986389e-11</td>\n",
       "      <td>1.684092e-10</td>\n",
       "      <td>0.000000e+00</td>\n",
       "      <td>0.000000e+00</td>\n",
       "      <td>0.0</td>\n",
       "      <td>0.0</td>\n",
       "      <td>1.857578e-10</td>\n",
       "      <td>9.305797e-11</td>\n",
       "    </tr>\n",
       "  </tbody>\n",
       "</table>\n",
       "<p>5 rows × 413 columns</p>\n",
       "</div>"
      ],
      "text/plain": [
       "              Q2M2I8        Q9Y478        Q9UGJ0        Q13131        P54646  \\\n",
       "Q2M2I8  0.000000e+00  1.540882e-07  5.281925e-07  5.265534e-09  0.000000e+00   \n",
       "Q9Y478  1.540882e-07  0.000000e+00  1.122697e-05  1.032074e-08  1.704082e-09   \n",
       "Q9UGJ0  5.281925e-07  1.122697e-05  0.000000e+00  1.598049e-08  2.020940e-09   \n",
       "Q13131  5.265534e-09  1.032074e-08  1.598049e-08  0.000000e+00  5.120849e-09   \n",
       "P54646  0.000000e+00  1.704082e-09  2.020940e-09  5.120849e-09  0.000000e+00   \n",
       "\n",
       "              P00519        P42684  Q07912        P36896        P37023  ...  \\\n",
       "Q2M2I8  2.546827e-09  0.000000e+00     0.0  0.000000e+00  0.000000e+00  ...   \n",
       "Q9Y478  0.000000e+00  0.000000e+00     0.0  0.000000e+00  0.000000e+00  ...   \n",
       "Q9UGJ0  0.000000e+00  0.000000e+00     0.0  2.074691e-09  2.501912e-09  ...   \n",
       "Q13131  6.974965e-10  7.280265e-10     0.0  1.836057e-10  4.483435e-10  ...   \n",
       "P54646  1.291324e-10  5.630269e-11     0.0  3.265157e-10  3.336211e-10  ...   \n",
       "\n",
       "              Q86Y07  Q8IV63        P30291        P0C1S8        Q9H4A3  \\\n",
       "Q2M2I8  1.079195e-09     0.0  0.000000e+00  0.000000e+00  7.554436e-09   \n",
       "Q9Y478  0.000000e+00     0.0  1.477117e-11  3.905488e-11  0.000000e+00   \n",
       "Q9UGJ0  0.000000e+00     0.0  0.000000e+00  0.000000e+00  1.439246e-09   \n",
       "Q13131  0.000000e+00     0.0  2.329906e-11  2.191430e-11  8.403827e-10   \n",
       "P54646  0.000000e+00     0.0  4.986389e-11  1.684092e-10  0.000000e+00   \n",
       "\n",
       "              Q9Y3S1  Q9BYP7  Q96J92        P07947        P43403  \n",
       "Q2M2I8  0.000000e+00     0.0     0.0  0.000000e+00  0.000000e+00  \n",
       "Q9Y478  0.000000e+00     0.0     0.0  0.000000e+00  5.283554e-11  \n",
       "Q9UGJ0  1.701755e-09     0.0     0.0  3.288697e-10  0.000000e+00  \n",
       "Q13131  0.000000e+00     0.0     0.0  5.221467e-10  7.331928e-11  \n",
       "P54646  0.000000e+00     0.0     0.0  1.857578e-10  9.305797e-11  \n",
       "\n",
       "[5 rows x 413 columns]"
      ]
     },
     "execution_count": 3,
     "metadata": {},
     "output_type": "execute_result"
    }
   ],
   "source": [
    "df.head()"
   ]
  },
  {
   "cell_type": "code",
   "execution_count": null,
   "id": "e8321660",
   "metadata": {},
   "outputs": [],
   "source": []
  },
  {
   "cell_type": "markdown",
   "id": "92c795fe",
   "metadata": {},
   "source": [
    "### 1.2 Read the 116 understudied kinases (5-14 psites) in nine kinase groups"
   ]
  },
  {
   "cell_type": "code",
   "execution_count": 4,
   "id": "2b518ab4",
   "metadata": {},
   "outputs": [],
   "source": [
    "groups = ['TK', 'CMGC', 'AGC', 'STE', 'CK1', 'CAMK', 'Other', 'TKL', 'Atypical']"
   ]
  },
  {
   "cell_type": "code",
   "execution_count": 5,
   "id": "a60dda1b",
   "metadata": {},
   "outputs": [],
   "source": [
    "kinase116 = pd.read_csv(\"../0_data/understudied_kinases.csv\")"
   ]
  },
  {
   "cell_type": "code",
   "execution_count": 6,
   "id": "f36bfb28",
   "metadata": {},
   "outputs": [],
   "source": [
    "AGC = kinase116[kinase116[\"Group\"] == \"AGC\"][\"KIN_ACC\"].to_list()\n",
    "CAMK = kinase116[kinase116[\"Group\"] == \"CAMK\"][\"KIN_ACC\"].to_list()\n",
    "CK1 = kinase116[kinase116[\"Group\"] == \"CK1\"][\"KIN_ACC\"].to_list()\n",
    "TK = kinase116[kinase116[\"Group\"] == \"TK\"][\"KIN_ACC\"].to_list()\n",
    "Other = kinase116[kinase116[\"Group\"] == \"Other\"][\"KIN_ACC\"].to_list()\n",
    "STE = kinase116[kinase116[\"Group\"] == \"STE\"][\"KIN_ACC\"].to_list()\n",
    "Atypical = kinase116[kinase116[\"Group\"] == \"Atypical\"][\"KIN_ACC\"].to_list()\n",
    "TKL = kinase116[kinase116[\"Group\"] == \"TKL\"][\"KIN_ACC\"].to_list()\n",
    "CMGC = kinase116[kinase116[\"Group\"] == \"CMGC\"][\"KIN_ACC\"].to_list()"
   ]
  },
  {
   "cell_type": "code",
   "execution_count": null,
   "id": "d1ae8d0c",
   "metadata": {},
   "outputs": [],
   "source": []
  },
  {
   "cell_type": "markdown",
   "id": "2fbb50d3",
   "metadata": {},
   "source": [
    "### 1.3 Read human kinase-substrate data"
   ]
  },
  {
   "cell_type": "code",
   "execution_count": 7,
   "id": "9d850456",
   "metadata": {},
   "outputs": [],
   "source": [
    "K_S = pd.read_csv(\"../0_data/Human K_S data.csv\")"
   ]
  },
  {
   "cell_type": "code",
   "execution_count": 8,
   "id": "5b445ce8",
   "metadata": {},
   "outputs": [
    {
     "data": {
      "text/html": [
       "<div>\n",
       "<style scoped>\n",
       "    .dataframe tbody tr th:only-of-type {\n",
       "        vertical-align: middle;\n",
       "    }\n",
       "\n",
       "    .dataframe tbody tr th {\n",
       "        vertical-align: top;\n",
       "    }\n",
       "\n",
       "    .dataframe thead th {\n",
       "        text-align: right;\n",
       "    }\n",
       "</style>\n",
       "<table border=\"1\" class=\"dataframe\">\n",
       "  <thead>\n",
       "    <tr style=\"text-align: right;\">\n",
       "      <th></th>\n",
       "      <th>KIN_ACC</th>\n",
       "      <th>KINASE</th>\n",
       "      <th>SUB_ACC</th>\n",
       "      <th>POSITION</th>\n",
       "      <th>CODE</th>\n",
       "      <th>PEPTIDE</th>\n",
       "      <th>KIN_ORGANISM</th>\n",
       "      <th>SOURCE</th>\n",
       "      <th>Family</th>\n",
       "      <th>Group</th>\n",
       "    </tr>\n",
       "  </thead>\n",
       "  <tbody>\n",
       "    <tr>\n",
       "      <th>0</th>\n",
       "      <td>AAA58698</td>\n",
       "      <td>NPM-ALK</td>\n",
       "      <td>P14618</td>\n",
       "      <td>105</td>\n",
       "      <td>Y</td>\n",
       "      <td>FASDPILYRPVAVAL</td>\n",
       "      <td>HUMAN</td>\n",
       "      <td>PSP</td>\n",
       "      <td>NaN</td>\n",
       "      <td>NaN</td>\n",
       "    </tr>\n",
       "    <tr>\n",
       "      <th>1</th>\n",
       "      <td>AAA58698</td>\n",
       "      <td>NPM-ALK</td>\n",
       "      <td>Q80YV2</td>\n",
       "      <td>353</td>\n",
       "      <td>S</td>\n",
       "      <td>PIVSRTRSWESSSPV</td>\n",
       "      <td>HUMAN</td>\n",
       "      <td>PSP</td>\n",
       "      <td>NaN</td>\n",
       "      <td>NaN</td>\n",
       "    </tr>\n",
       "    <tr>\n",
       "      <th>2</th>\n",
       "      <td>AAA58698</td>\n",
       "      <td>NPM-ALK</td>\n",
       "      <td>P43246</td>\n",
       "      <td>238</td>\n",
       "      <td>Y</td>\n",
       "      <td>DFSTKDIYQDLNRLL</td>\n",
       "      <td>HUMAN</td>\n",
       "      <td>PSP</td>\n",
       "      <td>NaN</td>\n",
       "      <td>NaN</td>\n",
       "    </tr>\n",
       "    <tr>\n",
       "      <th>3</th>\n",
       "      <td>AAA58698</td>\n",
       "      <td>NPM-ALK</td>\n",
       "      <td>P42768</td>\n",
       "      <td>102</td>\n",
       "      <td>Y</td>\n",
       "      <td>LLWEQELYSQLVYST</td>\n",
       "      <td>HUMAN</td>\n",
       "      <td>PSP</td>\n",
       "      <td>NaN</td>\n",
       "      <td>NaN</td>\n",
       "    </tr>\n",
       "    <tr>\n",
       "      <th>4</th>\n",
       "      <td>AAA58698</td>\n",
       "      <td>NPM-ALK</td>\n",
       "      <td>P42768</td>\n",
       "      <td>291</td>\n",
       "      <td>Y</td>\n",
       "      <td>AETSKLIYDFIEDQG</td>\n",
       "      <td>HUMAN</td>\n",
       "      <td>PSP</td>\n",
       "      <td>NaN</td>\n",
       "      <td>NaN</td>\n",
       "    </tr>\n",
       "  </tbody>\n",
       "</table>\n",
       "</div>"
      ],
      "text/plain": [
       "    KIN_ACC   KINASE SUB_ACC  POSITION CODE          PEPTIDE KIN_ORGANISM  \\\n",
       "0  AAA58698  NPM-ALK  P14618       105    Y  FASDPILYRPVAVAL        HUMAN   \n",
       "1  AAA58698  NPM-ALK  Q80YV2       353    S  PIVSRTRSWESSSPV        HUMAN   \n",
       "2  AAA58698  NPM-ALK  P43246       238    Y  DFSTKDIYQDLNRLL        HUMAN   \n",
       "3  AAA58698  NPM-ALK  P42768       102    Y  LLWEQELYSQLVYST        HUMAN   \n",
       "4  AAA58698  NPM-ALK  P42768       291    Y  AETSKLIYDFIEDQG        HUMAN   \n",
       "\n",
       "  SOURCE Family Group  \n",
       "0    PSP    NaN   NaN  \n",
       "1    PSP    NaN   NaN  \n",
       "2    PSP    NaN   NaN  \n",
       "3    PSP    NaN   NaN  \n",
       "4    PSP    NaN   NaN  "
      ]
     },
     "execution_count": 8,
     "metadata": {},
     "output_type": "execute_result"
    }
   ],
   "source": [
    "K_S.head()"
   ]
  },
  {
   "cell_type": "code",
   "execution_count": 9,
   "id": "58b73f8d",
   "metadata": {},
   "outputs": [],
   "source": [
    "dict_family={}\n",
    "dict_group={}\n",
    "for i in range(0, len(K_S)):\n",
    "    dict_family[K_S[\"KIN_ACC\"][i]] = K_S[\"Family\"][i]\n",
    "    dict_group[K_S[\"KIN_ACC\"][i]] = K_S[\"Group\"][i]"
   ]
  },
  {
   "cell_type": "code",
   "execution_count": null,
   "id": "0b820ad6",
   "metadata": {},
   "outputs": [],
   "source": []
  },
  {
   "cell_type": "markdown",
   "id": "d366c086",
   "metadata": {},
   "source": [
    "# 2. Identify highly similar kinases corresponding to these understudied kinases"
   ]
  },
  {
   "cell_type": "code",
   "execution_count": 10,
   "id": "b8ee8e7f",
   "metadata": {},
   "outputs": [
    {
     "name": "stdout",
     "output_type": "stream",
     "text": [
      "The similar proteins to kinase are: Q9Y243\n",
      "P31751\n",
      "P35626\n",
      "The similar proteins to kinase are: Q5VT25\n",
      "Q9Y5S2\n",
      "O14578\n",
      "The similar proteins to kinase are: Q96BR1\n",
      "O00141\n",
      "The similar proteins to kinase are: P32298\n",
      "P35626\n",
      "The similar proteins to kinase are: Q9UBS0\n",
      "The similar proteins to kinase are: O75676\n",
      "O75582\n",
      "Q15349\n",
      "P51812\n",
      "The similar proteins to kinase are: P22694\n",
      "P17612\n",
      "Q13237\n",
      "The similar proteins to kinase are: Q15208\n",
      "Q9NRM7\n",
      "O95835\n",
      "P34947\n"
     ]
    }
   ],
   "source": [
    "# As an example, \n",
    "\n",
    "kinases_N = {}\n",
    "\n",
    "for i in AGC:\n",
    "    print(\"The similar proteins to kinase are: \"+i)\n",
    "\n",
    "    N = []\n",
    "    \n",
    "    for j in df[i].nlargest(n=5).index:   # Identify the top n similar kinases corresponding to a specific kinase\n",
    "        \n",
    "        if dict_group[j]==dict_group[i] and i!=j:\n",
    "            print(j)\n",
    "            N.append(j)\n",
    "            \n",
    "    if len(N)>0:\n",
    "        kinases_N[i] = N"
   ]
  },
  {
   "cell_type": "code",
   "execution_count": null,
   "id": "1ad775fc",
   "metadata": {},
   "outputs": [],
   "source": []
  }
 ],
 "metadata": {
  "kernelspec": {
   "display_name": "Python 3 (ipykernel)",
   "language": "python",
   "name": "python3"
  },
  "language_info": {
   "codemirror_mode": {
    "name": "ipython",
    "version": 3
   },
   "file_extension": ".py",
   "mimetype": "text/x-python",
   "name": "python",
   "nbconvert_exporter": "python",
   "pygments_lexer": "ipython3",
   "version": "3.9.7"
  }
 },
 "nbformat": 4,
 "nbformat_minor": 5
}
